-111
-114
-125
-139
-103
-113
-130
-118
-101
-84
-118
-110
-99
-91
-115
-109
-104
-130
-132
-128
-112
-120
-120
-107
-102
-114
-123
-111
-128
-75
-117
-121
-130
-114
-116
-92
-122
-103
-137
-108
-120
-105
-105
-120
-105
-137
-90
-134
-111
-137
-123
-109
-128
-100
-113
-119
-111
-119
-126
-126
-107
-117
-136
-108
-106
-117
-99
-125
-125
-121
-117
-122
-106
-118
-116
-117
-134
-91
-121
-169
-102
-104
-117
-110
-140
-110
-154
-143
-121
-92
-142
-122
-113
-119
-145
-108
-153
-111
-129
-145
-120
-115
-107
-97
-119
-111
-137
-104
-141
-125
-144
-116
-112
-126
-149
-135
-106
-106
-112
-131
-157
-123
-126
-149
-133
-134
-105
-129
-125
-112
-127
-125
-112
-97
-146
-138
-157
-114
-135
-104
-105
-131
-117
-133
-156
-143
-125
-112
-117
-112
-103
-97
-112
-136
-127
-128
-116
-130
-120
-105
-98
-115
-160
-107
-113
-162
-137
-151
-125
-136
-122
-137
-126
-132
-145
-118
-132
-89
-117
-129
-144
-95
-111
-97
-94
-136
-156
-123
-125
-99
-106
-125
-130
-106
-107
-104
-127
-114
-128
-112
-121
-131
-143
-127
-134
-132
-155
-151
-108
-112
-111
-126
-127
-83
-132
-130
-120
-126
-138
-122
-129
-144
-128
-134
-145
-138
-122
-150
-131
-121
-118
-123
-124
-120
-135
-141
-124
-137
-142
-128
-107
-130
-114
-110
-130
-95
-137
-154
-135
-137
-111
-137
-142
-157
-163
-152
-124
-120
-122
-148
-143
-120
-147
-138
-129
-139
-121
-104
-136
-119
-110
-132
-144
-125
-109
-177
-131
-106
-119
-157
-112
-133
-148
-148
-134
-141
-120
-130
-157
-139
-138
-116
-118
-125
-102
-126
-150
-124
-134
-84
-137
-101
-98
-152
-128
-167
-160
-168
-158
-163
-122
-139
-133
-132
-123
-154
-163
-138
-134
-143
-147
-129
-141
-117
-133
-144
-133
-173
-143
-146
-157
-131
-136
-116
-156
-134
-119
-133
-137
-168
-127
-139
-151
-117
-138
-154
-142
-150
-168
-118
-133
-128
-117
-129
-147
-136
-124
-160
-142
-112
-131
-169
-126
-114
-140
-131
-146
-116
-98
-131
-121
-131
-134
-131
-133
-112
-128
-142
-181
-134
-112
-117
-155
-167
-150
-122
-111
-128
-162
-108
-129
-144
-128
-113
-153
-125
-146
-162
-140
-115
-130
-114
-121
-133
-159
-129
-176
-114
-154
-120
-148
-151
-110
-143
-129
-158
-156
-136
-143
-157
-98
-136
-137
-133
-150
-116
-161
-143
-176
-157
-168
-99
-143
-170
-126
-186
-118
-156
-143
-154
-146
-129
-140
-169
-142
-142
-154
-157
-142
-146
-133
-144
-137
-160
-99
-140
-144
-154
-154
-110
-146
-144
-138
-126
-131
-121
-156
-114
-143
-144
-176
-138
-138
-105
-165
-118
-137
-147
-161
-163
-178
-156
-132
-116
-117
-151
-119
-176
-124
-135
-130
-162
-141
-159
-140
-136
-124
-142
-135
-144
-169
-129
-177
-132
-140
-136
-141
-161
-201
-169
-150
-136
-134
-146
-171
-164
-171
-140
-145
-148
-167
-165
-141
-170
-165
-165
-156
-124
-156
-158
-170
-136
-108
-151
-148
-139
-167
-170
-189
-140
-141
-134
-162
-153
-211
-119
-136
-137
-144
-132
-146
-197
-179
-143
-177
-164
-156
-155
-140
-205
-157
-136
-112
-176
-136
-161
-152
-177
-182
-143
-146
-126
-191
-144
-162
-167
-152
-127
-128
-114
-145
-124
-179
-178
-147
-142
-112
-195
-186
-170
-141
-161
-148
-176
-123
-158
-125
-190
-146
-129
-168
-168
-148
-180
-170
-134
-152
-134
-159
-168
-152
-156
-158
-126
-190
-180
-148
-144
-176
-163
-186
-163
-137
-147
-162
-156
-184
-174
-146
-162
-135
-117
-128
-146
-103
-158
-198
-148
-160
-169
-182
-154
-143
-190
-172
-138
-153
-164
-178
-147
-174
-122
-150
-156
-173
-169
-157
-147
-178
-174
-178
-149
-164
-182
-148
-155
-134
-156
-159
-155
-108
-141
-177
-175
-187
-134
-158
-152
-168
-162
-157
-154
-168
-148
-160
-160
-166
-158
-165
-169
-168
-170
-175
-170
-152
-166
-138
-162
-175
-151
-129
-163
-158
-182
-172
-146
-162
-181
-145
-151
-133
-151
-152
-136
-146
-151
-163
-157
-146
-150
-156
-162
-123
-175
-164
-157
-160
-157
-119
-181
-142
-152
-144
-174
-182
-128
-184
-174
-170
-181
-163
-193
-145
-164
-165
-182
-182
-172
-155
-163
-152
-184
-125
-162
-160
-184
-160
-149
-166
-143
-130
-175
-145
-142
-174
-185
-172
-97
-158
-177
-163
-182
-176
-123
-178
-160
-155
-142
-157
-143
-195
-149
-176
-151
-177
-183
-142
-168
-156
-167
-184
-178
-184
-165
-142
-177
-135
-153
-194
-183
-159
-144
-141
-142
-134
-117
-160
-174
-147
-174
-154
-131
-148
-119
-157
-122
-146
-174
-169
-180
-209
-179
-185
-157
-156
-160
-173
-141
-140
-123
-158
-170
-134
-146
-145
-154
-178
-147
-154
-195
-156
-162
-164
-168
-208
-153
-159
-163
-166
-186
-162
-176
-151
-148
-147
-130
-178
-146
-145
-133
-196
-186
-151
-151
-144
-180
-125
-188
-162
-169
-181
-174
-167
-175
-167
-180
-181
-187
-154
-170
-160
-155
-185
-124
-177
-176
-189
-217
-165
-143
-168
-168
-204
-177
-189
-135
-151
-161
-178
-201
-122
-151
-159
-218
-161
-162
-139
-135
-183
-182
-176
-176
-189
-178
-184
-171
-180
-172
-173
-134
-164
-165
-196
-186
-170
-140
-167
-178
-172
-180
-118
-151
-182
-171
-178
-185
-141
-176
-186
-156
-129
-191
-176
-176
-159
-183
-177
-153
-204
-141
-163
-190
-166
-192
-152
-169
-163
-153
-196
-212
-165
-191
-156
-164
-166
-173
-176
-144
-181
-197
-168
-158
-176
-166
-189
-195
-178
-147
-192
-184
-192
-162
-161
-138
-172
-177
-183
-186
-152
-180
-198
-170
-192
-182
-140
-201
-181
-172
-181
-169
-180
-180
-176
-141
-176
-214
-182
-184
-142
-190
-180
-183
-167
-132
-189
-180
-160
-200
-165
-152
-180
-167
-176
-204
-192
-165
-163
-170
-176
-189
-176
-184
-168
-169
-190
-148
-178
-131
-175
-176
-165
-179
-167
-159
-206
-194
-132
-181
-152
-144
-204
-172
-167
-220
-190
-199
-190
-156
-200
-162
-188
-154
-165
-180
-190
-178
-186
-182
-143
-187
-183
-144
-176
-177
-185
-185
-174
-193
-182
-178
-160
-202
-198
-162
-193
-149
-176
-181
-163
-168
-201
-188
-152
-168
-194
-188
-192
-194
-181
-180
-159
-188
-126
-156
-204
-169
-195
-155
-196
-201
-180
-156
-205
-165
-177
-162
-164
-157
-162
-150
-205
-169
-197
-184
-177
-193
-171
-183
-175
-196
-183
-184
-165
-206
-147
-188
-195
-159
-173
-188
-163
-205
-201
-196
-200
-195
-194
-190
-157
-198
-214
-187
-160
-149
-196
-184
-175
-188
-180
-175
-158
-185
-195
-202
-183
-207
-167
-192
-201
-178
-192
-169
-168
-155
-158
-200
-183
-186
-179
-178
-162
-208
-175
-159
-172
-188
-185
-190
-197
-168
-186
-190
-176
-183
-217
-160
-192
-195
-172
-210
-174
-166
-189
-208
-201
-186
-180
-184
-194
-184
-203
-186
-178
-173
-196
-203
-203
-173
-189
-193
-190
-164
-179
-186
-200
-219
-188
-206
-216
-188
-150
-201
-201
-204
-197
-191
-189
-206
-200
-218
-192
-171
-178
-183
-210
-193
-169
-165
-182
-142
-192
-189
-198
-190
-181
-200
-170
-183
-190
-180
-201
-194
-179
-178
-159
-167
-186
-214
-144
-186
-177
-160
-154
-205
-163
-201
-190
-191
-188
-189
-207
-194
-198
-227
-206
-188
-190
-180
-200
-174
-169
-172
-216
-196
-187
-197
-187
-177
-179
-166
-167
-142
-174
-184
-182
-188
-185
-182
-178
-160
-204
-177
-177
-212
-191
-205
-180
-200
-180
-187
-183
-185
-222
-188
-191
-215
-217
-200
-177
-199
-182
-190
-191
-175
-198
-192
-189
-197
-177
-169
-191
-186
-223
-176
-203
-178
-194
-200
-227
-184
-206
-183
-191
-192
-190
-162
-198
-215
-202
-194
-188
-148
-181
-178
-190
-183
-190
-176
-205
-210
-188
-189
-170
-194
-203
-165
-163
-181
-194
-203
-184
-184
-185
-188
-183
-191
-202
-182
-179
-189
-218
-180
-168
-193
-208
-206
-219
-167
-192
-204
-186
-194
-179
-178
-157
-185
-175
-186
-199
-184
-203
-196
-199
-197
-202
-195
-187
-166
-188
-209
-197
-172
-213
-189
-218
-210
-210
-204
-181
-203
-169
-217
-179
-186
-206
-184
-176
-200
-163
-212
-190
-205
-203
-200
-192
-191
-199
-192
-205
-203
-203
-189
-201
-205
-190
-192
-194
-204
-205
-211
-205
-193
-210
-211
-198
-197
-222
-207
-198
-187
-223
-220
-203
-168
-202
-204
-181
-172
-203
-215
-179
-204
-189
-182
-194
-196
-207
-215
-216
-211
-222
-204
-224
-199
-165
-181
-217
-195
-220
-195
-218
-212
-188
-212
-214
-209
-184
-192
-212
-220
-202
-218
-194
-225
-210
-201
-181
-200
-218
-223
-202
-196
-168
-198
-202
-180
-201
-215
-217
-217
-217
-208
-203
-209
-207
-229
-215
-210
-198
-179
-188
-202
-204
-204
-184
-209
-159
-202
-214
-191
-195
-160
-225
-201
-194
-226
-188
-204
-186
-205
-224
-204
-197
-184
-196
-199
-176
-207
-219
-206
-192
-200
-218
-216
-202
-213
-210
-194
-206
-192
-209
-187
-203
-211
-200
-179
-199
-189
-194
-226
-190
-214
-194
-198
-204
-200
-205
-216
-204
-215
-203
-194
-210
-214
-207
-197
-202
-207
-204
-195
-222
-188
-181
-203
-185
-204
-170
-193
-200
-211
-204
-212
-202
-211
-193
-204
-218
-216
-206
-189
-206
-185
-222
-178
-195
-184
-201
-192
-211
-224
-198
-212
-208
-186
-205
-212
-208
-186
-207
-204
-190
-194
-182
-207
-193
-196
-204
-208
-206
-200
-216
-186
-199
-192
-200
-195
-212
-204
-210
-214
-221
-213
-195
-194
-211
-187
-194
-204
-208
-201
-204
-218
-216
-214
-206
-199
-202
-206
-178
-196
-218
-210
-206
-190
-198
-193
-218
-207
-207
-215
-208
-212
-206
-218
-201
-177
-178
-195
-213
-210
-205
-207
-209
-193
-210
-196
-220
-218
-198
-201
-178
-208
-171
-196
-203
-218
-196
-213
-227
-215
-200
-191
-200
-204
-206
-199
-197
-210
-190
-193
-220
-177
-200
-206
-216
-196
-196
-200
-214
-222
-216
-202
-206
-212
-210
-207
-208
-187
-206
-195
-203
-216
-214
-192
-206
-197
-184
-207
-201
-211
-217
-210
-224
-199
-224
-210
-212
-195
-186
-197
-198
-193
-201
-220
-194
-190
-208
-206
-199
-207
-215
-212
-203
-219
-184
-182
-188
-211
-179
-216
-216
-217
-199
-218
-209
-199
-204
-198
-210
-200
-205
-188
-201
-208
-188
-207
-212
-216
-194
-204
-195
-220
-216
-188
-198
-206
-180
-184
-220
-206
-197
-201
-216
-197
-190
-200
-195
-184
-216
-220
-222
-209
-192
-198
-190
-217
-200
-201
-220
-226
-199
-203
-183
-180
-203
-196
-187
-219
-183
-212
-193
-203
-207
-183
-158
-200
-211
-206
-206
-208
-200
-199
-196
-186
-186
-208
-206
-191
-198
-192
-196
-188
-201
-207
-204
-209
-194
-206
-218
-199
-199
-194
-191
-200
-182
-202
-187
-204
-196
-183
-203
-217
-202
-198
-202
-205
-180
-190
-200
-200
-180
-180
-175
-228
-206
-205
-202
-194
-155
-205
-199
-182
-201
-204
-208
-194
-191
-180
-206
-192
-214
-204
-198
-172
-183
-199
-186
-211
-184
-178
-200
-204
-201
-205
-187
-196
-190
-186
-193
-180
-188
-157
-186
-220
-184
-198
-202
-202
-220
-199
-226
-184
-176
-204
-196
-208
-203
-201
-216
-199
-193
-180
-204
-205
-196
-210
-186
-184
-218
-204
-202
-179
-199
-170
-198
-182
-191
-199
-222
-202
-211
-181
-205
-188
-189
-195
-208
-183
-202
-213
