-38
-44
-42
-40
-40
-32
-38
-38
-42
-38
-32
-32
-36
-48
-40
-46
-40
-34
-38
-38
-36
-44
-46
-46
-38
-44
-42
-46
-34
-36
-34
-40
-36
-40
-36
-34
-34
-30
-30
-40
-36
-38
-34
-40
-34
-42
-32
-36
-32
-30
-46
-46
-28
-30
-40
-36
-40
-34
-36
-30
-36
-32
-40
-34
-24
-32
-42
-32
-36
-26
-34
-36
-30
-26
-20
-36
-38
-26
-28
-22
-32
-30
-30
-26
-32
-26
-36
-28
-30
-30
-24
-26
-24
-34
-34
-24
-36
-18
-22
-30
-24
-28
-22
-26
-34
-20
-34
-24
-24
-30
-16
-12
-24
-26
-34
-20
-22
-6
-10
-30
-24
-22
-18
-10
-28
-14
-38
-30
-16
-10
-6
-28
-14
-18
-26
-20
-16
-8
-12
-30
-32
-12
-18
-18
-22
-26
-30
-26
14
-6
0
-4
-4
-6
16
-18
-30
-14
-20
-6
-16
-22
-28
-40
-32
-38
-36
-14
-30
-2
-34
-16
-4
-6
12
-12
-6
-14
-4
-18
-18
-2
-4
4
-2
-2
4
4
6
-8
2
-4
-4
4
-2
8
-6
-12
4
8