-14
-18
-20
-20
-20
-24
-22
-18
-14
-24
-22
-20
-20
-16
-22
-16
-18
-22
-20
-22
-22
-14
-22
-20
-22
-22
-20
-14
-18
-24
-22
-20
-20
-16
-20
-18
-16
-18
-20
-22
-22
-16
-20
-16
-18
-20
-16
-18
-20
-20
-14
-20
-22
-16
-18
-20
-20
-20
-22
-18
-22
-24
-22
-24
-24
-18
-16
-22
-20
-20
-24
-18
-18
-18
-20
-20
-22
-22
-20
-22
-18
-22
-18
-12
-14
-18
-10
-16
-18
-18
-22
-20
-22
-24
-20
-16
-20
-16
-22
-22
-14
-18
-18
-22
-18
-22
-18
-18
-24
-20
-22
-16
-22
-20
-18
-22
-22
-16
-20
-20
-18
-18
-20
-18
-20
-18
-18
-20
-20
-12
-2
-16
-22
-24
-16
-22
-22
-24
-18
-14
-20
-18
-16
-16
-20
-16
-16
-22
-12
-20
-12
-18
-16
-18
-18
-18
-18
-20
-24
-20
-22
-24
-24
-18
-22
-16
-16
-18
-22
-16
-22
-20
-22
-20
-22
-22
-18
-22
-24
-24
-22
-22
-20
-18
-22
-18
-22
-20
-16
-24
-24
-24
