-18
-18
-24
-16
-18
-20
-20
-172
-158
-160
-160
-172
-170
-164
-154
-162
-172
-142
-132
-162
-154
-142
-162
-158
-154
-152
-152
-144
-158
-152
-146
-162
-144
-164
-122
-136
-158
-136
-138
-142
-130
-156
-148
-148
-140
-164
-150
-146
-172
-172
-158
-146
-150
-168
-154
-156
-164
-158
-158
-176
-164
-148
-158
-166
-158
-154
-158
-142
-148
-150
-150
-150
-142
-152
-128
-156
-154
-138
-144
-168
-142
-142
-140
-140
-168
-152
-144
-148
-150
-150
-142
-146
-122
-140
-126
-144
-130
-146
-132
-134
-140
-146
-130
-126
-146
-140
-112
-132
-102
-122
-140
-112
-122
-118
-124
-106
-118
-136
-92
-138
-114
-112
-138
-134
-108
-98
-124
-122
-118
-84
-102
-90
-106
-130
-94
-90
-106
-114
-108
-126
-108
-92
-100
-114
-112
-100
-98
-100
-116
-108
-116
-110
-104
-102
-94
-114
-108
-96
-112
-100
-82
-96
-94
-122
-110
-80
-82
-68
-60
-110
-82
-84
-78
-78
-94
-78
-72
-58
-86
-94
-102
-92
-68
-92
-88
-74
