-200
-200
-198
-200
-200
-200
-198
-200
-200
-196
-200
-200
-198
-200
-200
-200
-200
-198
-200
-200
-196
-200
-200
-200
-200
-196
-200
-198
-198
-198
-198
-198
-200
-198
-198
-196
-200
-198
-200
-198
-198
-200
-200
-200
-200
-200
-200
-200
-200
-198
-200
-200
-200
-200
-200
-196
-198
-200
-198
-200
-200
-200
-198
-200
-198
-200
-198
-198
-198
-200
-198
-198
-198
-198
-198
-200
-200
-200
-196
-200
-198
-200
-200
-200
-200
-200
-200
-200
-200
-198
-200
-200
-200
-200
-200
-200
-200
-400
-400
-398
-400
-398
-398
-400
-400
-396
-400
-400
-400
-400
-398
-398
-398
-400
-400
-398
-400
-400
-400
-400
-398
-398
-400
-398
-396
-396
-400
-398
-398
-398
-398
-398
-398
-400
-398
-400
-398
-398
-398
-396
-400
-398
-396
-398
-400
-396
-396
-400
-396
-396
-396
-400
-396
-400
-400
-394
-396
-398
-394
-396
-398
-398
-400
-400
-400
-400
-400
-400
-396
-400
-400
-398
-396
-398
-398
-398
-396
-398
-400
-400
-396
-400
-398
-394
-396
-398
-400
-398
-398
-398
-396
-400
-396
-396
-400
-400
-398
-400
-400
-396
-400
-398
-396
-398
-398
-398
-398
-398
-400
-394
-398
-396
-398
-396
-400
-398
-400
-400
-398
-400
-400
-398
-400
-400
-400
-400
-398
-398
-396
-398
-398
-398
-398
-400
-396
-400
-400
-398
-394
-398
-400
-400
-398
-398
-398
-398
-398
-400
-394
-396
-400
-400
-400
-396
-400
-396
-400
-394
-398
-400
-400
-396
-400
-396
-396
-398
-396
-400
-400
-400
-396
-398
-396
-398
-398
-396
-400
-394
-392
-398
-400
-396
-398
-400
-396
-396
-398
-400
-400
-398
-396
-400
-400
