-70
-76
-90
-82
-70
-76
-80
-82
-76
-78
-76
-84
-72
-94
-88
-88
-70
-78
-82
-76
-74
-72
-72
-72
-86
-76
-66
-72
-78
-72
-74
-70
-78
-80
-74
-74
-66
-60
-72
-70
-72
-72
-70
-64
-64
-74
-68
-62
-76
-58
-62
-64
-62
-70
-74
-58
-66
-50
-48
-66
-62
-68
-76
-56
-62
-68
-72
-58
-40
-56
-58
-62
-66
-64
-48
-56
-62
-40
-58
-52
-36
-58
-58
-42
-60
-60
-48
-64
-58
-48
-28
-52
-46
-38
-30
-28
-50
-34
-52
-42
-40
-30
-46
-34
-34
-40
-32
-46
-54
-52
-22
-18
-44
-28
-24
-30
-32
-38
-40
-12
-36
-12
-18
-16
0
-20
-16
-14
-10
-16
-14
-4
-24
2
2
2
-22
-10
2
12
4
-10
-6
-30
-34
-44
-60
-30
-16
-72
-70
-48
-46
-52
-46
-34
-38
-26
-34
-12
-18
-6
-2
-22
-20
-4
-20
-36
18
-10
-2
-8
4
18
-38
8
-12
-8
4
18
-4
-8
-26
16
0
10
10
24
22
8
32
-2
4
6
0
48
2
0
10
6
-4
-22
-56
-72
-92
-86
-72
-14
6
-2
0
-4
8
12
-2
12
-12
-26
-26
-8
-10
-30
-6
-12
-8
0
26
30
32
24
8
-36
-100
-100
-44
-36
-40
-54
-30
10
24
20
-22
-22
52
22
38
10
20
14
32
12
24
30
46
52
22
30
48
40
48
34
22
26
48
42
38
50
76
40
32
46
44
44
50
60
66
48
42
36
2
10
-44
-82
-94
-90
4
-36
-34
-4
14
4
14
26
4
6
18
22
36
-2
20
12
38
-10
2
-14
-80
-100
-100
-66
-72
-46
14
-14
-24
-18
2
10
28
40
0
4
0
28
28
8
32
30
30
36
40
-36
-62
-32
-100
-100
-46
-44
-52
-56
-18
38
32
34
12
-12
-26
-24
2
4
-14
-22
44
20
12
36
42
14
0
42
40
26
16
32
38
-10
-16
-60
-94
-100
-94
-36
-36
18
26
0
-6
44
16
18
34
30
48
18
46
38
38
26
20
52
64
24
28
36
52
14
46
42
52
44
28
52
2
20
50
44
32
22
38
26
42
46
18
52
52
40
2
22
34
-68
-86
-74
-52
-42
-24
-32
-14
-4
0
4
-26
38
44
52
46
44
40
36
42
30
22
26
26
26
-30
-6
24
26
60
30
60
50
28
48
50
44
46
28
60
52
60
40
44
30
24
14
74
48
56
44
0
-16
62
60
38
38
56
60
72
20
50
20
16
6
-98
-82
26
52
28
-6
-2
36
52
30
44
16
-12
34
30
22
38
30
68
36
40
42
60
46
48
28
38
36
54
66
74
26
58
58
60
64
62
46
36
46
36
42
70
66
38
64
68
70
48
52
68
74
74
86
64
76
-38
-76
-74
-84
-28
-18
-78
-90
-90
-98
-100
-2
-22
8
-4
-18
0
2
4
14
14
14
26
26
22
30
24
12
-8
22
0
32
16
34
12
32
12
14
6
26
44
-2
-38
-52
-76
-78
18
32
28
18
4
28
38
14
18
14
30
20
26
20
44
46
36
-16
-100
-92
-98
-74
-50
-64
-76
-34
-62
-26
-16
-42
-28
-8
4
-30
-36
-2
8
12
-44
8
38
10
24
36
36
42
38
48
26
12
2
16
26
28
10
32
26
10
34
20
18
28
30
8
32
40
48
16
32
28
50
54
48
68
38
42
56
62
66
52
58
48
52
52
66
70
84
60
60
60
50
68
76
42
54
76
72
58
70
46
36
68
94
52
74
74
66
76
58
18
-6
-32
-74
-100
