-112
-116
-127
-121
-132
-121
-121
-134
-144
-104
-139
-94
-107
-165
-145
-119
-119
-136
-105
-106
-133
-144
-109
-112
-130
-139
-112
-122
-132
-102
-130
-126
-132
-127
-131
-107
-125
-96
-114
-86
-101
-119
-92
-114
-126
-122
-120
-134
-120
-136
-105
-134
-114
-110
-128
-132
-114
-111
-128
-137
-114
-139
-145
-117
-106
-153
-133
-112
-116
-156
-123
-132
-103
-120
-115
-148
-106
-124
-120
-128
-165
-136
-98
-108
-127
-106
-117
-112
-117
-128
-118
-142
-116
-139
-99
-121
-134
-118
-117
-114
-102
-121
-155
-145
-107
-143
-128
-130
-118
-123
-82
-150
-114
-130
-135
-132
-134
-117
-149
-125
-119
-115
-143
-120
-120
-136
-119
-112
-124
-151
-132
-121
-125
-109
-152
-120
-129
-128
-134
-133
-142
-103
-143
-132
-156
-111
-126
-155
-164
-141
-176
-137
-127
-128
-131
-141
-126
-148
-160
-114
-116
-158
-139
-108
-147
-167
-150
-104
-157
-125
-140
-121
-129
-154
-176
-137
-137
-130
-141
-140
-151
-118
-116
-116
-124
-104
-138
-123
-134
-145
-168
-116
-158
-131
-148
-136
-160
-148
-135
-105
-105
-135
-118
-107
-135
-164
-138
-160
-158
-113
-132
-148
-149
-121
-109
-116
-129
-158
-120
-137
-143
-114
-144
-148
-137
-143
-146
-146
-146
-146
-110
-173
-163
-118
-120
-133
-125
-137
-113
-150
-171
-149
-126
-149
-170
-169
-126
-132
-126
-152
-170
-134
-127
-160
-158
-124
-123
-91
-139
-146
-140
-153
-101
-149
-155
-141
-176
-126
-134
-129
-171
-149
-194
-150
-147
-160
-136
-135
-140
-114
-136
-137
-160
-135
-126
-155
-179
-166
-171
-141
-139
-131
-147
-182
-139
-115
-178
-166
-159
-168
-167
-166
-153
-144
-180
-151
-162
-136
-175
-181
-141
-125
-122
-140
-145
-153
-138
-156
-140
-132
-166
-153
-198
-163
-137
-128
-155
-154
-112
-163
-186
-156
-140
-137
-136
-112
-160
-159
-136
-143
-181
-160
-172
-153
-137
-152
-155
-148
-148
-148
-104
-146
-147
-154
-164
-164
-144
-168
-179
-131
-146
-148
-146
-134
-165
-150
-152
-161
-134
-162
-156
-164
-175
-144
-166
-134
-145
-192
-172
-166
-168
-153
-151
-182
-147
-149
-136
-165
-166
-161
-142
-131
-175
-166
-143
-144
-153
-161
-136
-152
-146
-160
-149
-152
-126
-160
-158
-158
-159
-174
-180
-172
-146
-122
-174
-197
-181
-167
-146
-176
-156
-147
-200
-154
-142
-147
-169
-133
-175
-179
-120
-162
-173
-172
-140
-148
-190
-132
-137
-152
-179
-154
-187
-139
-167
-157
-186
-153
-178
-129
-165
-162
-166
-155
-162
-155
-163
-152
-126
-143
-129
-178
-157
-147
-141
-158
-156
-122
-141
-166
-168
-177
-149
-161
-181
-173
-190
-146
-145
-209
-198
-167
-181
-130
-180
-156
-164
-173
-181
-164
-145
-140
-133
-162
-131
-155
-155
-178
-142
-167
-150
-201
-148
-173
-166
-144
-156
-142
-147
-189
-140
-159
-161
-179
-162
-196
-167
-152
-193
-182
-146
-185
-165
-157
-160
-153
-161
-170
-145
-168
-160
-178
-173
-172
-143
-161
-174
-121
-149
-153
-131
-163
-138
-150
-192
-165
-157
-179
-145
-198
-172
-154
-132
-182
-159
-172
-158
-184
-188
-169
-157
-167
-162
-166
-146
-190
-158
-125
-155
-152
-144
-138
-165
-139
-153
-162
-201
-177
-209
-165
-161
-209
-134
-187
-144
-189
-186
-201
-185
-150
-167
-195
-183
-156
-190
-180
-142
-181
-192
-199
-184
-153
-131
-212
-176
-164
-184
-166
-144
-150
-159
-172
-161
-177
-163
-214
-191
-197
-158
-181
-142
-201
-184
-226
-169
-186
-200
-178
-173
-172
-167
-221
-141
-137
-166
-162
-199
-183
-152
-197
-168
-210
-229
-173
-192
-162
-186
-204
-159
-154
-168
-171
-152
-178
-170
-160
-210
-163
-179
-156
-171
-89
-197
-207
-167
-153
-160
-145
-184
-216
-162
-156
-186
-147
-201
-187
-129
-183
-150
-114
-160
-136
-188
-113
-122
-214
-150
-180
-227
-135
-201
-113
-151
-194
-144
-161
-198
-146
-210
-154
-204
-175
-183
-220
-224
-214
-210
-163
-128
-178
-145
-177
-215
-177
-210
-183
-222
-206
-136
-219
-173
-141
-189
-192
-148
-180
-142
-102
-209
-150
-145
-204
-204
-99
-86
-222
-98
-121
-183
-177
-98
-190
-148
-177
-137
-162
-122
-84
-88
-97
-137
-226
-117
-128
-147
-227
-191
-156
-215
-119
-149
-154
-229
-115
-213
-163
-187
-210
-88
-210
-204
-222
-145
-167
-125
-89
-51
-163
-128
-118
-222
-89
-211
-179
-237
-34
-198
-181
-31
-181
-17
-26
-66
-215
-65
-102
-211
-53
-227
-71
-65
-217
-75
-185
-176
-102
-30
-180
-228
-143
-131
-198
-204
-113
-185
-78
-181
-154
-94
-187
-137
-158
-143
-66
-64
-169
-142
-148
-177
-188
-201
-202
-101
-40
-32
-122
-164
-87
-85
-70
-30
-202
-117
-131
-44
-168
-130
-29
-42
-146
-198
-82
-124
-125
-95
12
-118
-84
-79
-72
-6
-213
-233
-61
-120
-227
-202
-169
-99
-198
-138
-130
-140
-65
-78
-171
-124
-199
-112
-223
-237
-150
3
-41
10
3
-31
-48
-97
-23
-198
-158
40
-84
-25
-46
20
23
-180
-47
-167
-160
-17
29
-107
-219
-133
0
-65
-87
-208
-100
-13
-14
-49
-217
-127
-226
-203
-79
-177
-60
10
-153
-230
-223
-136
-91
38
-161
-85
-22
-16
-99
-184
-121
-41
-114
-105
-113
-108
19
-206
-240
-185
-142
-112
14
-53
-69
-17
-6
-85
-217
-23
-126
12
52
-2
7
-84
-192
7
-137
-232
-80
-34
-166
-211
-140
-220
-213
-90
3
40
-118
-171
29
-72
-88
-60
-97
-71
-71
-192
-82
-93
-17
55
54
27
-46
-47
-16
-213
-240
-236
-55
-181
37
5
-187
-236
-203
-114
0
-23
77
-117
-124
-133
-46
-208
-219
-49
-71
-223
-171
-222
-18
-130
-117
-62
25
-56
-199
1
-112
-203
17
-139
14
5
10
-123
-79
-164
-5
-137
-79
-85
-118
-64
-106
-25
-37
-29
-94
-224
-227
-225
-131
62
23
-88
-181
-118
-79
-156
-222
-131
51
-82
-47
75
74
-136
18
-83
-4
-194
-157
-22
-22
-23
-164
-168
30
-61
79
82
-6
1
59
-113
2
3
-167
-178
-167
-52
-223
-180
-124
-189
-235
-223
-121
-189
-173
14
82
-81
11
-191
-172
-223
-191
-104
-180
20
-34
66
26
-72
-145
-207
16
-94
-197
-109
-162
-7
41
0
-176
-28
-127
-40
83
-108
-162
-34
-23
-215
-182
-69
30
23
87
-89
-126
-125
-214
-227
-218
-144
-23
-149
-72
-112
66
-66
-148
-90
-54
-88
93
-35
87
-40
-101
-153
25
-214
-208
-88
-214
-147
31
-44
-93
-112
-103
-190
-212
-233
-211
-145
-215
77
-29
23
-218
-196
-210
-14
10
-46
-210
-239
-39
-177
-80
-97
-172
-235
-217
-89
-131
-206
-218
-27
79
-154
-37
-213
-64
-10
-102
-90
-110
-161
-126
16
-104
-32
-128
-78
-100
-60
-58
-46
14
-212
-77
-147
-85
69
-67
17
-170
-64
-215
6
-126
-127
-147
-34
7
9
81
-190
-40
10
-57
-104
32
-134
-204
-153
24
121
79
91
-182
-156
-126
-60
-41
79
45
109
-17
-136
-156
-56
38
51
104
-89
-78
-74
77
-73
-224
-181
-138
-192
-87
-200
14
-120
83
-190
-2
-88
48
63
-208
-134
-168
-232
-240
-162
-221
-57
-164
-29
67
22
-165
-149
-213
-238
-90
-84
-223
-227
-143
46
-202
-239
-80
119
59
-140
-235
-4
11
-51
-139
-196
-33
-207
-126
-93
-189
-137
-32
86
64
-46
-11
113
94
-171
-184
-131
-63
88
-177
-34
-136
-32
-49
-208
-238
-148
-227
-111
-27
-223
-212
-140
-153
-81
-47
-71
56
-193
37
-191
-231
101
41
15
10
-194
20
-151
-102
-224
-118
-64
-69
-77
-203
-28
22
-111
-221
-13
-143
-182
58
105
-183
-118
-30
114
-78
-35
-199
-9
110
-26
-70
-217
-218
-75
-93
13
-211
-46
-29
100
-82
-187
-207
-24
-76
-117
-152
-235
-231
-225
-184
7
95
98
-68
-45
118
60
-69
13
-211
-149
-202
-164
-121
-10
46
-211
-208
-67
-220
-47
99
-44
-197
-62
-106
-213
-205
-75
-199
-8
-6
-96
68
-53
-144
-151
88
-122
-2
-110
-166
-97
-104
-177
-34
36
140
0
-96
-144
-230
-217
-104
-90
-145
37
-6
-66
-22
-173
-217
-216
60
-211
23
-124
-83
-132
-15
-29
-107
34
-129
-220
-160
-153
-131
-134
5
-206
-4
-110
-224
-27
12
-204
-103
-175
37
-86
35
-74
-100
-120
-221
-240
33
101
-205
-223
-13
-42
-181
-159
-207
-31
14
-11
-60
-45
20
16
31
96
79
-4
-70
-167
-111
-4
-75
86
-127
-225
61
77
-11
130
11
-110
-51
-133
-71
-58
-97
16
-123
64
55
-104
-86
48
-1
-147
-177
-144
-212
-52
95
-206
-147
-83
-161
-58
-99
-105
-135
-238
-138
23
128
108
-79
-237
-140
29
-94
-169
-99
-113
-21
-35
-133
12
-93
-149
-196
-236
-55
-60
-49
50
-192
-234
-53
-143
-222
-166
-74
15
91
18
-9
123
-97
-51
-59
-152
-145
-107
-221
-3
-35
64
-38
-87
-23
-29
-29
27
12
-26
-27
-148
-118
66
-104
-147
-219
-196
-229
-222
-240
-191
-117
101
-89
88
-70
-1
4
120
-206
-77
-18
-40
-231
-240
34
-40
-80
-216
104
-35
-219
-120
-78
130
-197
1
-63
-109
-211
-94
110
-137
-30
11
-94
-50
36
-30
-176
-133
-150
-162
-185
-32
-43
-34
-11
113
-153
-78
45
-211
-215
-102
-160
-80
-77
-66
-46
63
-159
54
-131
-104
-92
-53
-56
-74
-207
122
-39
82
81
-90
69
83
114
-22
-200
-209
-208
112
20
-19
-35
-6
-39
7
74
52
136
-198
-36
-12
-159
-119
4
70
-20
104
-130
-210
-221
-154
-216
-109
-212
-238
72
-20
19
-189
-235
102
138
100
81
-49
-20
137
-196
40
34
22
107
2
-115
-227
-240
6
-184
-54
-139
-64
-153
-213
-33
-145
-98
-142
-237
-239
15
-207
-116
63
-125
-52
-138
-120
-230
-97
-96
-226
-23
78
-19
-46
-25
26
-153
8
-10
-77
-98
-5
-198
20
-76
94
101
-171
-61
-218
-124
-227
-165
-163
-173
-88
-120
-23
-141
-17
-203
-238
-127
-97
-113
-84
-219
-75
53
-187
-235
-92
-225
-68
-27
-36
16
-224
15
-159
-225
-112
-222
-136
53
35
79
-205
-33
-146
57
-103
68
-17
112
-90
29
115
-57
30
-62
-203
-171
-189
-136
31
-28
-208
-67
-52
2
-206
-123
-48
-58
-40
61
-20
133
-67
138
117
-107
-85
-56
-54
-29
-49
-64
-215
-202
-189
-49
-14
54
117
-60
37
-78
-214
-86
137
-75
-67
-17
-69
-141
-101
85
11
-208
-152
-84
-26
-33
-31
-52
-42
9
32
61
132
129
157
175
-149
-147
57
-81
-190
-148
-46
-205
-69
-78
-25
82
-17
50
95
-4
104
-7
-158
-32
-219
53
121
-54
-205
-65
-224
140
-123
-225
18
-219
-224
-128
-197
-19
-39
8
-206
-37
35
120
11
-8
125
124
38
34
25
88
33
17
-16
-4
136
-57
-49
-107
-194
-63
-38
-29
-51
-201
-49
-2
-127
-39
