-126
-132
-142
-134
-138
-126
-134
-126
-128
-134
-132
-140
-132
-130
-124
-138
-130
-136
-132
-128
-136
-130
-128
-136
-132
-134
-134
-130
-136
-132
-126
-140
-134
-148
-140
-132
-138
-128
-140
-132
-126
-128
-134
-136
-142
-138
-122
-138
-132
-138
-132
-134
-112
-136
-124
-124
-124
-124
-132
-126
-130
-124
-122
-134
-140
-124
-130
-128
-128
-132
-132
-136
-132
-132
-146
-138
-138
-130
-128
-132
-126
-140
-134
-138
-110
-122
-128
-116
-134
-134
-132
-128
-122
-130
-134
-130
-140
-118
-120
-124
-128
-116
-136
-124
-138
-134
-128
-126
-136
-132
-130
-144
-138
-110
-118
-124
-128
-144
-130
-118
-124
-126
-138
-136
-132
-128
-120
-132
-122
-122
-128
-128
-136
-128
-142
-138
-128
-130
-122
-128
-134
-136
-138
-132
-136
-126
-130
-118
-106
-138
-134
-134
-138
-140
-142
-126
-114
-144
-138
-130
-128
-128
-120
-122
-124
-120
-138
-136
-128
-124
-128
-126
-136
-124
-108
-124
-124
-122
-118
-132
-120
-110
-124
-128
-128
-108
-124
-126
-116
-126
-136
-118
-130
-124
-116
-118
-124
-130
-124
-128
-128
-128
-104
-108
-116
-132
-134
-138
-128
-134
-138
-126
-114
-128
-130
-118
-110
-114
-130
-106
-126
-110
-114
-132
-116
-114
-122
-114
-104
-100
-130
-124
-108
-124
-126
-126
-104
-116
-102
-112
-124
-126
-102
-100
-116
-126
-124
-124
-116
-136
-102
-120
-112
-124
-128
-112
-96
-108
-106
-106
-114
-116
-102
-94
-94
-106
-84
-94
-118
-102
-96
-100
-112
-106
-116
-120
-126
-102
-98
-112
-118
-108
-120
-114
-104
-112
-110
-106
-94
-102
-88
-114
-120
-116
-114
-110
-100
-102
-106
-108
-110
-130
-120
-76
-98
-100
-94
-110
-100
-112
-118
-90
-100
-120
-112
-108
-130
-116
-130
-102
-96
-114
-78
-84
-106
-112
-140
-72
-80
-96
-140
-142
-124
-130
-118
-134
-126
-128
-114
-104
-116
-128
-110
-114
-118
-120
-118
-112
-82
-88
-86
-112
-114
-112
-102
-94
-100
-94
-82
-106
-112
-100
-82
-66
-112
-112
-126
-144
-126
-104
-122
-102
-90
-106
-110
-72
-84
-134
-136
-136
-104
-110
-110
-106
-114
-92
-130
-122
-112
-108
-132
-118
-102
-108
-130
-130
-126
-110
-92
-144
-126
-120
-110
-92
-104
-96
-96
-114
-130
-116
-130
-116
-72
-118
-132
-102
-102
-98
-92
-86
-100
-76
-78
-102
-112
-100
-116
-118
-118
-110
-128
-78
-102
-102
-94
-100
-98
-88
-110
-114
-106
-114
-120
-118
-64
-76
-94
-102
-102
-112
-122
-128
-142
-112
-96
-118
-104
-106
-94
-90
-94
-102
-106
-132
-124
-104
-96
-98
-88
-108
-96
-80
-102
-120
-110
-114
-118
-104
-88
-64
-74
-90
-112
-130
-138
-124
-118
-94
-112
-150
-140
-120
-138
-112
-106
-102
-104
-118
-132
-120
-130
-98
-96
-134
-136
-142
-136
-124
-102
-122
-138
-116
-118
-104
-108
-100
-116
-134
-148
-114
-112
-104
-100
-108
-130
-114
-112
-110
-106
-106
-90
-90
-70
-98
-110
-146
-140
-110
-132
-130
-120
-116
-116
-84
-90
-150
-146
-142
-116
-134
-142
-108
-118
-106
-126
-112
-134
-98
-100
-122
-142
-148
-144
-130
-116
-96
-110
-116
-128
-144
-100
-98
-72
-58
-50
-102
-120
-146
-136
-120
-116
-118
-114
-150
-138
-118
-114
-114
-90
-52
-72
-98
-96
-112
-94
-100
-150
-136
-122
-148
-140
-112
-144
-144
-130
-112
-112
-142
-138
-140
-124
-124
-128
-136
-148
-150
-132
-108
-94
-120
-150
-144
-146
-132
-140
-144
-150
-140
-106
-134
-150
-150
-138
-118
-134
-142
-108
-142
-150
-122
-118
-130
-144
-150
-150
-144
-132
-150
-140
-100
-122
-128
-142
-146
-148
-116
-118
-140
-150
-150
-150
-150
-146
-142
-134
-118
-118
-136
-140
-138
-138
-118
-108
-126
-122
-114
-114
-88
-84
-150
-142
-110
-116
-110
-142
-110
-114
-118
-114
-112
-108
-140
-144
-150
-148
-150
-150
-142
-130
-114
-108
-140
-110
-114
-130
-118
-96
-124
-130
-132
-130
-122
-142
-142
-128
-148
-132
-110
-104
-104
-86
-66
-98
-94
-106
-126
-108
-94
-130
-120
-114
-132
-124
-126
-136
-142
-150
-130
-112
-132
-140
-136
-150
-148
-108
-112
-142
-128
-130
-112
-118
-116
-116
-92
-110
-94
-96
-94
-96
-110
-114
-132
-150
-128
-128
-146
-146
-150
-110
-120
-130
-142
-148
-148
-150
-148
-128
-128
-124
-106
-120
-78
-116
-148
-132
-138
-148
-98
-80
-86
-92
-74
-94
-96
-144
-104
-122
-126
-144
-146
-150
-138
-100
-114
-122
-136
-146
-150
-150
-150
-150
-124
-100
-112
-112
-106
-148
-150
-150
-120
-120
-108
-104
-140
-126
-138
-150
-150
-144
-132
-132
-150
-134
-104
-60
-102
-126
-132
-138
-146
-148
-140
-130
-148
-138
-130
-110
-98
-124
-114
-132
-120
-106
-116
-118
-112
-150
-140
-110
-142
-144
-102
-120
-128
-104
-118
-110
-112
-120
-150
-150
-150
-150
-150
-150
-118
-100
-126
-106
-112
-150
-130
-94
-110
-116
-138
-146
-148
-150
-128
-126
-134
-140
-130
-108
-68
-74
-72
-86
-136
-148
-150
-136
-132
-72
-96
-82
-66
-90
-68
-126
-150
-142
-122
-108
-142
-150
-150
-136
-140
-116
-114
-102
-116
-104
-124
-140
-150
-94
-126
-148
-136
-124
-150
-132
-130
-150
-150
-150
-146
-144
-108
-114
-132
-120
-122
-88
-90
-110
-134
-134
-150
-84
-106
-98
-90
-114
-150
-150
-150
-148
-134
-114
-124
-122
-140
-144
-150
-146
-130
-96
-122
-144
-144
-128
-122
-112
-100
-106
-88
-96
-148
-120
-124
-120
-124
-144
-116
-130
-144
-122
-86
-130
-124
-134
-144
-136
-110
-136
-148
-118
-114
-100
-132
-110
-78
-92
-74
-130
-142
-150
-140
-122
-122
-98
-96
-110
-138
-150
-126
-114
-148
-140
-138
-102
-130
-150
-150
-134
-116
-108
-96
-150
-146
-140
-138
-122
-146
-132
-118
-132
-140
-124
-144
-142
-118
-126
-150
-110
-112
-126
-142
-146
-136
-142
-150
-144
-136
-118
-94
-94
-132
-128
-126
-144
-130
-114
-112
-118
-106
-108
-114
-150
-150
-150
-150
-150
-146
-142
-148
-106
-124
-122
-140
-150
-150
-142
-148
-148
-146
-108
-110
-110
-112
-120
-104
-118
-126
-124
-144
-142
-118
-128
-146
-98
-128
-150
-148
-138
-110
-110
-128
-146
-150
-150
-112
-106
-142
-138
-130
-92
-124
-138
-120
-106
-88
-80
-106
-108
-114
-98
-110
-100
-104
-108
-86
-150
-116
-90
-98
-90
-124
-138
-150
-102
-122
-126
-146
-144
-122
-144
-150
-108
-118
-122
-140
-150
-148
-144
-130
-150
-132
-114
-108
-124
-144
-130
-128
-78
-106
-150
-144
-134
-150
-124
-108
-150
-128
-106
-88
-86
-68
-86
-116
-62
-46
-108
-130
-134
-140
-126
-106
-108
-112
-112
-146
-144
-124
-134
-138
-150
