-119
-117
-130
-104
-82
-96
-132
-113
-106
-128
-121
-96
-121
-124
-140
-124
-100
-108
-89
-115
-132
-106
-106
-117
-142
-140
-103
-116
-85
-118
-117
-133
-101
-116
-122
-154
-132
-139
-133
-134
-106
-127
-118
-123
-101
-124
-134
-124
-129
-108
-88
-118
-125
-127
-107
-125
-102
-106
-139
-80
-112
-114
-104
-154
-130
-130
-124
-113
-85
-113
-123
-153
-123
-118
-116
-119
-122
-123
-137
-112
-101
-125
-141
-130
-122
-130
-124
-124
-140
-121
-148
-125
-124
-121
-129
-138
-108
-137
-126
-129
-106
-137
-123
-129
-105
-139
-118
-127
-111
-114
-126
-95
-122
-116
-125
-120
-123
-149
-84
-90
-120
-146
-137
-119
-105
-109
-100
-109
-149
-132
-122
-129
-121
-104
-126
-115
-100
-138
-135
-150
-132
-141
-118
-120
-104
-125
-152
-87
-136
-92
-116
-126
-139
-126
-100
-133
-92
-104
-105
-127
-140
-148
-142
-127
-99
-112
-162
-120
-112
-83
-119
-135
-120
-166
-102
-114
-120
-139
-127
-107
-119
-115
-131
-118
-164
-126
-109
-127
-109
-142
-130
-150
-144
-103
-144
-128
-122
-139
-123
-137
-134
-128
-130
-125
-118
-130
-161
-116
-152
-124
-138
-117
-156
-134
-167
-136
-129
-155
-122
-134
-117
-125
-129
-127
-129
-130
-112
-123
-147
-172
-110
-137
-153
-125
-130
-138
-142
-115
-125
-169
-127
-141
-132
-140
-149
-130
-127
-123
-102
-133
-138
-126
-121
-168
-140
-96
-121
-152
-174
-162
-117
-140
-113
-112
-107
-148
-136
-137
-160
-126
-138
-100
-136
-120
-130
-139
-132
-111
-126
-106
-114
-114
-137
-122
-159
-128
-140
-118
-140
-151
-161
-127
-125
-128
-111
-142
-142
-134
-148
-106
-142
-141
-103
-142
-156
-152
-131
-134
-144
-130
-110
-138
-126
-130
-141
-142
-124
-136
-129
-123
-134
-134
-151
-164
-151
-137
-123
-166
-107
-161
-146
-133
-95
-154
-122
-146
-121
-138
-114
-105
-134
-109
-134
-142
-172
-158
-130
-144
-132
-120
-148
-148
-116
-150
-121
-120
-135
-131
-138
-119
-141
-161
-122
-135
-172
-172
-150
-140
-128
-139
-195
-134
-150
-125
-124
-153
-144
-134
-166
-116
-172
-134
-138
-162
-164
-117
-135
-152
-151
-111
-184
-176
-170
-172
-147
-153
-121
-128
-148
-136
-117
-132
-136
-138
-103
-149
-138
-160
-136
-165
-130
-153
-166
-146
-131
-105
-177
-133
-118
-132
-137
-145
-148
-137
-155
-163
-134
-141
-120
-120
-140
-138
-151
-111
-135
-153
-114
-144
-110
-109
-140
-139
-104
-155
-132
-135
-153
-97
-112
-134
-142
-151
-157
-126
-160
-130
-152
-175
-149
-141
-125
-121
-154
-146
-152
-133
-143
-97
-160
-155
-140
-144
-145
-176
-136
-112
-183
-156
-151
-105
-147
-134
-168
-138
-106
-126
-138
-182
-138
-140
-161
-128
-126
-155
-182
-159
-166
-158
-148
-174
-140
-160
-116
-133
-144
-164
-183
-124
-143
-168
-119
-160
-144
-144
-153
-104
-165
-123
-138
-168
-142
-152
-157
-151
-142
-133
-144
-152
-172
-152
-132
-170
-163
-153
-133
-176
-154
-174
-141
-138
-157
-143
-172
-138
-139
-165
-138
-102
-173
-141
-132
-120
-137
-124
-169
-123
-132
-155
-111
-176
-138
-140
-127
-153
-161
-139
-124
-172
-193
-154
-182
-142
-151
-138
-120
-162
-170
-153
-138
-161
-133
-172
-138
-159
-157
-120
-138
-173
-152
-132
-142
-151
-175
-149
-177
-136
-137
-161
-181
-133
-134
-186
-140
-128
-105
-148
-186
-134
-172
-177
-127
-166
-134
-198
-151
-142
-163
-144
-151
-143
-159
-143
-161
-165
-170
-147
-162
-169
-133
-162
-148
-148
-137
-177
-178
-159
-128
-154
-140
-144
-183
-138
-95
-159
-142
-144
-150
-141
-167
-156
-177
-134
-156
-166
-158
-168
-141
-149
-151
-165
-173
-160
-153
-162
-132
-136
-146
-149
-154
-132
-160
-148
-185
-169
-130
-177
-126
-167
-161
-167
-129
-170
-157
-160
-151
-130
-181
-141
-158
-182
-180
-138
-179
-136
-161
-125
-149
-126
-131
-130
-175
-166
-154
-176
-205
-174
-133
-154
-165
-141
-142
-140
-146
-117
-196
-171
-166
-142
-170
-144
-146
-173
-150
-134
-155
-160
-164
-175
-162
-142
-152
-182
-138
-146
-147
-160
-130
-178
-135
-144
-146
-168
-163
-157
-169
-191
-163
-182
-105
-153
-162
-141
-139
-152
-191
-170
-147
-160
-186
-174
-141
-192
-155
-158
-144
-169
-170
-166
-168
-158
-178
-149
-125
-171
-133
-187
-140
-154
-158
-134
-154
-155
-140
-161
-163
-198
-161
-137
-165
-174
-172
-175
-181
-166
-145
-149
-214
-146
-179
-160
-120
-147
-177
-180
-158
-142
-188
-160
-141
-155
-160
-115
-164
-168
-154
-179
-165
-170
-183
-153
-171
-170
-151
-206
-181
-152
-165
-156
-174
-138
-151
-151
-173
-176
-170
-161
-163
-145
-173
-181
-160
-172
-170
-164
-168
-161
-167
-184
-154
-157
-189
-187
-183
-180
-192
-155
-177
-193
-192
-176
-194
-164
-150
-175
-181
-177
-157
-150
-193
-143
-202
-156
-175
-143
-177
-159
-197
-164
-141
-164
-164
-164
-144
-136
-186
-170
-143
-182
-161
-128
-180
-128
-166
-150
-180
-163
-172
-158
-174
-161
-201
-133
-178
-145
-139
-167
-175
-139
-179
-171
-157
-171
-148
-160
-198
-180
-158
-135
-167
-170
-170
-171
-125
-198
-183
-116
-177
-173
-182
-184
-156
-171
-157
-156
-184
-170
-193
-182
-195
-180
-163
-192
-169
-176
-146
-146
-172
-181
-183
-154
-155
-174
-178
-148
-206
-184
-198
-170
-170
-192
-159
-186
-206
-162
-197
-157
-185
-153
-180
-172
-179
-184
-157
-172
-176
-204
-194
-171
-190
-163
-153
-135
-199
-159
-160
-133
-200
-176
-181
-170
-207
-142
-200
-165
-141
-166
-201
-176
-189
-141
-160
-180
-185
-203
-177
-187
-154
-161
-182
-167
-175
-171
-166
-173
-197
-160
-183
-177
-198
-148
-196
-203
-179
-188
-180
-173
-203
-165
-177
-193
-199
-149
-168
-182
-163
-191
-151
-176
-179
-169
-160
-210
-162
-193
-191
-177
-178
-198
-165
-181
-184
-169
-190
-164
-196
-194
-184
-161
-153
-209
-183
-203
-170
-187
-181
-161
-182
-201
-172
-160
-157
-174
-153
-182
-174
-179
-178
-160
-146
-176
-172
-223
-186
-181
-168
-170
-175
-178
-131
-160
-159
-183
-188
-181
-189
-180
-207
-182
-174
-193
-182
-198
-138
-136
-168
-175
-173
-184
-186
-169
-154
-192
-157
-170
-192
-173
-131
-194
-159
-171
-178
-182
-181
-170
-145
-192
-149
-162
-136
-180
-173
-150
-146
-164
-175
-179
-168
-187
-153
-180
-188
-171
-216
-175
-163
-214
-184
-182
-143
-158
-189
-189
-188
-184
-177
-168
-190
-155
-180
-179
-145
-170
-217
-165
-195
-186
-192
-168
-163
-190
-183
-177
-157
-184
-159
-195
-185
-194
-181
-212
-156
-168
-196
-181
-163
-165
-174
-188
-184
-162
-211
-180
-164
-179
-169
-183
-185
-182
-189
-160
-180
-192
-160
-170
-192
-173
-190
-165
-143
-193
-186
-209
-198
-153
-183
-219
-160
-222
-204
-197
-207
-188
-196
-180
-180
-201
-165
-182
-169
-143
-163
-179
-211
-155
-189
-200
-183
-212
-172
-174
-198
-183
-196
-158
-177
-184
-175
-201
-165
-214
-195
-193
-184
-193
-187
-170
-156
-210
-180
-224
-183
-183
-196
-189
-203
-203
-183
-174
-192
-197
-191
-93
-130
-120
-111
-99
-136
-140
-136
-99
-101
-126
-139
-104
-114
-128
-133
-102
-145
-114
-89
-110
-117
-105
-132
-122
-116
-114
-129
-116
-120
-118
-101
-131
-133
-122
-124
-101
-148
-123
-103
-117
-102
-136
-122
-98
-97
-142
-150
-138
-143
-116
-146
-136
-131
-144
-132
-158
-138
-126
-136
-109
-116
-121
-122
-132
-145
-143
-171
-123
-152
-117
-139
-143
-148
-123
-128
-146
-145
-155
-160
-120
-159
-142
-156
-153
-122
-121
-115
-126
-136
-98
-135
-147
-140
-159
-162
-142
-130
-142
-128
-144
-133
-132
-148
-146
-137
-130
-143
-147
-138
-164
-153
-178
-141
-147
-151
-134
-162
-142
-166
-152
-141
-161
-143
-111
-181
-160
-160
-167
-144
-151
-162
-108
-154
-156
-148
-171
-160
-170
-150
-118
-148
-160
-136
-153
-167
-194
-131
-174
-156
-176
-166
-159
-140
-156
-165
-158
-143
-118
-147
-162
-125
-162
-190
-172
-174
-195
-145
-184
-146
-179
-179
-157
-150
-162
-148
-202
-150
-153
-175
-163
-148
-147
-154
-160
-195
-172
-172
-196
-160
-132
-179
-160
-172
-156
-146
-168
-143
-170
-170
-189
-160
-172
-142
-168
-169
-188
-152
-174
-158
-163
-170
-175
-159
-158
-167
-141
-166
-152
-198
-136
-168
-166
-181
-174
-177
-144
-153
-168
-168
-156
-174
-167
-166
-162
-162
-141
-171
-195
-197
-171
-156
-177
-208
-176
-176
-176
-171
-158
-184
-174
-209
-169
-159
-187
-146
-190
-179
-138
-169
-159
-135
-154
-154
-209
-158
-141
-189
-153
-165
-172
-140
-173
-185
-175
-156
-184
-152
-144
-202
-147
-193
-180
-160
-181
-162
-193
-162
-128
-158
-169
-176
-219
-155
-177
-185
-123
-166
-144
-150
-166
-133
-146
-188
-179
-169
-154
-229
-198
-226
-180
-144
-185
-151
-206
-195
-165
-198
-150
-210
-155
-194
-213
-141
-150
-114
-160
-225
-225
-143
-230
-173
-132
-140
-107
-180
-170
-145
-111
-155
-119
-196
-90
-223
-98
-179
-106
-83
-118
-82
-218
-57
-83
-223
-98
-83
-58
-86
-218
-133
-203
-119
-144
-213
-62
-188
-53
-30
-189
-231
-228
-88
-193
-236
-4
-10
-148
-146
-7
-199
-239
-220
-232
-221
-106
19
-67
-182
-61
-41
-30
2
-214
-236
-32
-200
-5
-58
-39
-28
23
-24
27
-123
-9
40
-108
-228
-13
-30
-17
-214
-238
-233
-33
-51
-94
-229
-34
19
-199
-172
37
-214
-231
-117
44
31
-186
-39
-214
-230
-96
-145
-194
-44
-116
35
52
-205
-235
24
92
-149
-14
-175
-44
-4
40
-165
56
42
-202
6
4
94
75
-34
99
-210
-240
-206
70
-82
-223
-231
-5
-202
-192
65
-42
-209
72
-170
55
-143
-231
-240
47
-218
55
89
82
-135
-209
78
-86
48
-163
1
-4
-221
-101
-225
58
-189
30
74
112
-194
-165
20
-102
90
114
42
-41
28
63
-186
-204
-71
89
128
87
-171
-148
-230
-239
-219
-234
-142
89
-187
-206
67
123
112
-57
-125
-190
-192
-231
-60
-57
-171
-236
-193
-232
-100
-2
99
121
119
-194
-44
99
153
121
143
-82
85
136
131
101
-88
-134
-177
-196
-80
109
-83
-228
105
136
137
-200
-83
-198
97
-204
134
147
155
-188
-206
-142
22
9
-84
-205
-217
-208
-28
-26
-231
-239
43
-212
96
-191
100
147
107
-85
125
166
144
17
-216
-240
-16
87
-202
-173
112
151
-184
-240
-20
12
-210
-81
-178
83
166
162
123
-89
99
-152
-197
-216
-153
-166
-232
99
-105
-143
138
-20
1
-221
113
57
57
80
111
172
-98
-4
162
16
-154
-139
-214
-165
115
-87
-27
164
169
173
-198
-233
-206
-239
-200
3
-185
156
-178
101
185
180
162
165
114
-204
-240
-240
135
-193
-222
-240
-150
80
-90
143
-84
79
-198
-98
108
-21
-220
135
-204
-145
-229
-1
-211
-193
-116
112
158
54
-198
-238
117
173
142
-207
8
31
-221
-237
-30
136
15
34
46
100
-198
134
123
-210
-232
-235
-54
122
-104
-236
-116
95
67
-214
-197
-173
-226
-133
-229
-240
-129
61
-56
-223
136
-153
-217
-114
-181
-203
-219
-10
54
-195
129
-198
-44
-167
112
73
128
204
122
168
136
148
77
117
156
-206
149
39
76
-5
83
94
-141
-189
-39
-179
-233
159
-70
-227
-140
-179
126
129
-195
-236
-66
35
142
-203
-17
98
177
-87
-230
-240
51
-140
-130
-67
-182
42
149
-98
-197
127
165
-168
-151
39
191
169
190
170
221
-32
-57
141
151
-9
-216
-142
-234
-177
-172
-75
-98
-227
-228
110
-30
118
-162
-131
-61
-217
-211
171
168
196
109
-195
-18
195
-192
-240
-236
45
-170
115
76
163
42
165
-195
-221
-123
74
176
133
-204
-52
-119
-163
-181
-224
155
-178
-238
-180
-101
124
-194
138
-193
-14
13
61
133
-26
-215
-240
-169
-23
-75
165
91
-207
77
-98
37
75
14
-214
-237
-51
174
66
195
160
-199
-58
168
-20
-212
17
-175
104
113
102
188
-91
124
-181
-193
-76
-71
189
182
201
-184
-226
-118
-219
-238
24
-50
-219
-102
-85
-232
-240
44
168
-192
-239
54
-24
-219
-240
-155
137
-63
-141
-41
-84
83
-142
-100
124
-204
-240
44
186
-18
-213
38
35
-217
52
-54
-39
-215
70
144
177
118
25
70
-89
-161
-30
119
177
-75
107
191
-121
-233
144
-167
-140
-209
48
173
50
-36
10
119
-204
-35
-201
-209
-199
-234
-172
1
204
-113
35
-75
-218
-237
-227
62
-32
81
172
77
136
51
30
18
154
41
193
-192
46
-143
94
143
-180
-151
-106
-203
-200
-181
-187
-233
88
93
-68
-208
-240
161
165
178
-22
-159
144
25
-42
183
224
-196
46
-11
-132
-228
-156
-229
149
127
-192
-235
158
6
-83
-215
-219
161
180
79
-74
178
199
-163
-58
-220
-48
174
211
209
-185
81
-141
162
-197
-133
151
-146
167
-20
-189
-101
186
164
103
-143
201
-26
-188
122
-190
-75
-222
-44
14
203
216
56
190
219
-142
-149
-225
-240
-240
-66
-105
-186
-235
-217
179
190
178
-218
-237
119
222
-10
9
160
31
129
-14
136
13
-22
206
-89
-27
78
143
-209
120
137
196
-163
-236
159
-195
-165
95
-198
-101
-98
-221
-240
159
-57
-96
-217
137
54
-181
52
164
-158
-233
-149
-235
-240
-238
128
166
10
-96
181
-107
91
151
20
-218
-111
153
-172
-235
-239
-240
-26
179
150
-173
106
133
70
135
92
-127
-201
-232
-144
-151
76
-177
-235
-65
-102
-99
-13
-103
168
-127
110
-203
-23
-156
-120
-179
-97
26
57
-67
7
39
141
-197
-82
-27
70
-116
-221
44
-140
-165
-224
33
-217
105
-29
-39
-104
141
200
-200
-233
-66
144
134
-143
-228
85
-139
7
3
-163
141
199
-191
-240
131
-125
-153
17
4
93
154
-120
-199
144
-156
77
161
-28
-207
116
-205
-238
-231
-227
-139
136
-140
-235
-48
-213
-41
186
-131
-38
-223
78
167
119
-119
161
167
7
-217
-130
139
-186
-121
-161
-235
50
-26
-125
-230
52
-32
-38
-153
-131
123
177
-197
139
-14
112
34
-188
-52
-192
49
60
-205
-205
-218
25
56
-55
20
58
-207
-170
144
182
201
60
-178
86
14
155
-197
-136
-232
-52
169
-152
-236
27
-201
-239
99
159
211
162
-201
-95
-220
114
82
-39
25
-205
-18
159
-169
-222
-5
44
-205
174
134
54
-215
-34
155
-198
31
-148
147
110
-202
-240
-104
160
-174
-175
-76
-39
-218
-224
-142
-230
104
-193
-18
-77
-183
138
197
-192
131
-195
-239
-93
-217
-71
-215
-93
151
-196
-215
142
154
169
-129
92
15
-174
-93
118
175
-164
-226
88
-2
-67
-138
-32
-180
33
157
43
181
126
-167
-216
-189
26
186
114
-200
-21
190
-44
154
132
149
-127
-111
59
61
-213
-99
181
-178
-25
-210
-11
135
-186
159
45
172
158
208
-47
80
-119
-235
-234
8
32
-145
34
-111
-18
73
-150
-178
150
27
-17
191
-194
-33
175
-44
23
41
-170
-236
143
-172
-226
-75
-70
167
4
-222
-97
-218
41
-210
-240
-166
81
92
141
-64
-26
-223
131
-191
44
173
186
-197
-159
20
16
-223
-210
-227
73
154
-203
-227
-76
8
79
111
148
1
-131
-50
-40
69
-103
124
8
-185
-66
72
160
-139
161
-86
-217
2
180
-184
-224
115
189
113
-203
-194
138
-49
140
144
-206
31
-214
-12
-197
-236
7
58
-204
-201
9
101
-205
-8
60
-109
-183
-240
88
-151
-229
-114
-56
-220
2
-122
127
184
-46
-220
167
-31
-215
-214
-14
-165
109
10
-66
-220
-240
59
202
186
-32
-7
108
10
187
-137
-222
-187
23
184
