-24
-24
-22
-24
-24
-24
-24
-24
-24
-24
-24
-24
-24
-24
-24
-24
-24
-24
-24
-24
-24
-24
-24
-24
-22
-24
-24
-24
-24
-24
-24
-24
-24
-24
-24
-24
-24
-24
-24
-24
-24
-24
-24
-24
-24
-24
-22
-22
-24
-24
-24
-24
-24
-24
-24
-24
-24
-24
-24
-24
-24
-24
-24
-24
-24
-24
-24
-24
-24
-24
-24
-24
-24
-24
-24
-24
-22
-24
-24
-22
-24
-24
-24
-24
-24
-24
-24
-24
-24
-24
-24
-24
-24
-24
-24
-24
-24
-24
-22
-24
-24
-24
-24
-24
-24
-24
-24
-24
-24
-24
-24
-24
-24
-24
-24
-24
-24
-24
-24
-24
-24
-24
-24
-24
-24
-24
-24
-24
-24
-24
-24
-22
-24
-22
-24
-24
-24
-24
-24
-24
-24
-24
-24
-24
-24
-24
-24
-24
-24
-24
-18
-20
-18
-22
-20
-20
-20
-24
-22
-20
-22
-16
-18
-18
-16
-22
-18
-22
-18
-20
-16
-22
-18
-22
-18
-20
-16
-18
-20
-20
-20
-22
-18
-20
-16
-12
-18
-14
-22
-20
-20
-16
-12
-18
-14
-20
-18
-18
-22
-16
-20
-18
-22
-22
-20
-20
-22
-16
-10
-22
-18
-18
-22
-14
-20
-16
-20
-8
-20
-18
-16
-20
-12
-22
-24
-24
-12
-18
-18
-22
-16
-12
-18
-22
-24
-16
-24
-12
-20
-22
-20
-20
-18
-20
-18
-16
-14
-20
-20
-20
-14
-14
-22
-18
-20
-22
-18
-20
-18
-20
-20
-22
-20
-20
-22
-20
-22
-20
-14
-20
-16
-20
-18
-16
-20
-24
-20
-18
-20
-16
-18
-18
-22
-20
-22
-22
-22
-16
-18
-16
-16
-20
-12
-22
-16
-18
-22
-20
-18
-16
-16
-22
-20
-18
-24
-14
-18
-16
-20
-24
-20
-22
-20
-16
-20
-18
-22
-12
-16
-16
-16
-20
-20
-12
-24
-18
-22
-18
-18
-20
-14
-10
-20
-14
-16
-16
-20
-22
-22
-22
-16
-22
-22
-24
-18
-16
-24
-20
-22
-18
-22
-20
-20
-8
-12
-18
-12
-16
-14
