-137
-123
-112
-125
-129
-128
-114
-125
-130
-102
-108
-117
-152
-124
-135
-126
-134
-136
-116
-118
-107
-119
-107
-128
-114
-99
-118
-135
-139
-124
-140
-112
-102
-117
-95
-116
-124
-114
-111
-135
-118
-151
-122
-120
-113
-86
-130
-115
-130
-98
-119
-131
-133
-110
-161
-144
-115
-135
-116
-130
-114
-100
-128
-145
-119
-93
-130
-154
-135
-132
-87
-122
-136
-123
-122
-112
-116
-110
-162
-105
-101
-142
-114
-110
-129
-93
-123
-117
-152
-131
-99
-107
-123
-115
-124
-109
-125
-115
-115
-146
-112
-123
-133
-123
-94
-124
-111
-117
-123
-142
-89
-127
-135
-128
-108
-107
-132
-125
-137
-121
-137
-113
-98
-132
-114
-133
-136
-134
-111
-130
-116
-136
-94
-133
-113
-149
-114
-118
-144
-149
-117
-155
-134
-116
-108
-131
-108
-97
-79
-127
-158
-108
-109
-134
-128
-105
-138
-132
-126
-131
-125
-162
-144
-108
-124
-135
-148
-135
-148
-125
-116
-104
-124
-105
-125
-114
-119
-123
-141
-128
-112
-146
-139
-149
-140
-124
-121
-143
-145
-105
-151
-127
-126
-99
-137
-131
-151
-132
-136
-124
-147
-137
-132
-124
-142
-112
-116
-102
-148
-138
-136
-147
-139
-174
-106
-131
-110
-148
-116
-110
-124
-99
-116
-126
-154
-131
-140
-125
-146
-130
-130
-150
-123
-131
-104
-123
-118
-136
-128
-102
-100
-126
-130
-145
-133
-124
-142
-166
-114
-129
-147
-117
-128
-136
-133
-111
-113
-112
-116
-149
-101
-135
-97
-97
-140
-127
-127
-132
-160
-119
-113
-122
-124
-135
-133
-143
-138
-151
-129
-126
-124
-118
-176
-116
-158
-126
-113
-126
-104
-136
-118
-96
-148
-117
-140
-142
-126
-145
-144
-136
-113
-139
-124
-126
-114
-127
-154
-118
-136
-139
-139
-118
-126
-152
-156
-126
-136
-112
-127
-125
-134
-131
-148
-103
-149
-128
-146
-156
-140
-121
-145
-135
-113
-139
-116
-133
-121
-147
-111
-126
-106
-133
-146
-134
-118
-149
-150
-126
-144
-158
-143
-151
-136
-139
-123
-154
-137
-114
-129
-107
-142
-150
-150
-125
-121
-165
-120
-134
-149
-119
-103
-124
-168
-126
-136
-133
-140
-130
-130
-141
-157
-131
-153
-114
-107
-144
-126
-126
-142
-141
-96
-122
-161
-105
-143
-152
-128
-121
-161
-125
-173
-142
-157
-154
-138
-111
-168
-136
-170
-115
-157
-94
-117
-154
-152
-94
-170
-137
-131
-127
-122
-130
-160
-159
-156
-140
-126
-140
-125
-119
-125
-146
-124
-157
-154
-185
-108
-145
-142
-134
-126
-132
-166
-157
-130
-121
-141
-111
-152
-148
-144
-141
-165
-154
-143
-151
-127
-126
-152
-110
-158
-102
-119
-153
-137
-146
-150
-128
-148
-144
-142
-148
-151
-150
-135
-181
-120
-139
-142
-128
-111
-146
-128
-122
-142
-128
-146
-151
-124
-135
-101
-141
-164
-154
-149
-146
-123
-136
-158
-87
-126
-128
-164
-147
-138
-154
-142
-102
-130
-144
-135
-144
-163
-127
-150
-146
-181
-183
-116
-146
-162
-149
-162
-137
-128
-128
-108
-143
-159
-158
-143
-154
-124
-125
-123
-181
-151
-136
-135
-169
-117
-147
-132
-122
-144
-162
-126
-142
-94
-143
-129
-133
-140
-142
-135
-137
-144
-170
-178
-110
-147
-151
-132
-169
-158
-176
-174
-114
-149
-136
-176
-148
-143
-150
-129
-140
-149
-172
-156
-123
-144
-131
-157
-114
-120
-140
-115
-148
-146
-134
-155
-131
-129
-143
-139
-118
-120
-134
-151
-145
-114
-155
-156
-144
-128
-136
-140
-150
-126
-138
-154
-143
-147
-117
-144
-136
-152
-164
-178
-136
-164
-130
-140
-167
-117
-159
-144
-137
-157
-146
-147
-134
-142
-130
-148
-139
-139
-161
-125
-129
-158
-161
-159
-164
-129
-140
-155
-117
-147
-141
-138
-143
-141
-156
-133
-153
-166
-155
-186
-188
-161
-161
-144
-134
-134
-121
-145
-186
-159
-133
-166
-125
-148
-180
-129
-137
-135
-187
-178
-134
-120
-143
-163
-154
-139
-132
-160
-154
-151
-163
-151
-142
-149
-160
-162
-156
-134
-126
-138
-153
-153
-184
-140
-142
-165
-164
-179
-150
-160
-167
-162
-141
-120
-150
-134
-160
-155
-137
-170
-158
-129
-155
-148
-147
-166
-162
-142
-183
-180
-152
-164
-156
-132
-120
-142
-158
-156
-140
-142
-157
-178
-142
-146
-142
-146
-186
-146
-123
-162
-181
-133
-143
-144
-192
-145
-111
-195
-133
-165
-152
-147
-138
-159
-127
-172
-145
-155
-161
-180
-173
-140
-161
-150
-176
-147
-161
-152
-132
-152
-154
-142
-133
-152
-142
-132
-102
-131
-144
-154
-154
-184
-182
-154
-162
-137
-172
-152
-164
-168
-141
-178
-146
-160
-157
-174
-163
-155
-185
-148
-146
-149
-169
-152
-168
-148
-160
-134
-137
-166
-143
-153
-153
-131
-122
-132
-144
-166
-148
-170
-150
-145
-159
-120
-185
-166
-176
-177
-123
-182
-166
-160
-173
-141
-165
-113
-162
-180
-180
-177
-144
-120
-173
-134
-133
-173
-165
-168
-120
-169
-145
-128
-180
-151
-153
-166
-125
-168
-167
-165
-178
-170
-150
-148
-142
-148
-170
-160
-159
-174
-166
-185
-150
-154
-114
-172
-176
-166
-158
-169
-201
-184
-147
-145
-157
-128
-178
-142
-165
-140
-145
-155
-150
-211
-113
-185
-159
-152
-162
-165
-185
-197
-158
-166
-150
-151
-175
-154
-139
-190
-188
-131
-156
-138
-188
-202
-169
-133
-130
-143
-139
-156
-146
-172
-141
-172
-150
-148
-173
-138
-178
-145
-175
-129
-154
-163
-163
-151
-161
-151
-149
-167
-149
-152
-142
-164
-143
-165
-155
-153
-159
-170
-152
-159
-161
-172
-156
-149
-179
-187
-158
-161
-186
-143
-139
-179
-187
-154
-199
-183
-183
-160
-174
-146
-147
-155
-166
-152
-177
-145
-143
-143
-158
-183
-186
-165
-192
-178
-164
-172
-162
-152
-160
-135
-141
-185
-132
-155
-170
-158
-157
-173
-160
-175
-162
-167
-163
-170
-178
-156
-141
-170
-218
-164
-157
-198
-146
-165
-159
-214
-161
-162
-163
-163
-187
-192
-167
-177
-177
-177
-174
-153
-167
-185
-174
-193
-156
-209
-181
-172
-154
-154
-166
-149
-159
-182
-167
-185
-155
-176
-144
-186
-154
-159
-156
-171
-152
-156
-167
-174
-161
-152
-152
-177
-177
-149
-148
-192
-158
-153
-170
-151
-194
-171
-191
-190
-142
-147
-158
-137
-142
-164
-135
-159
-171
-194
-162
-171
-185
-149
-126
-208
-186
-174
-186
-177
-180
-174
-146
-211
-214
-165
-151
-180
-201
-128
-142
-184
-176
-179
-172
-161
-187
-205
-177
-180
-194
-165
-187
-180
-155
-179
-158
-143
-177
-179
-168
-147
-161
-168
-170
-184
-158
-170
-173
-164
-178
-142
-143
-167
-173
-176
-154
-177
-191
-189
-203
-169
-152
-154
-178
-200
-219
-152
-176
-163
-166
-156
-198
-192
-164
-163
-177
-172
-196
-127
-200
-110
-159
-185
-224
-149
-177
-163
-171
-184
-178
-176
-177
-160
-172
-90
-170
-184
-202
-150
-201
-136
-163
-143
-181
-182
-190
-156
-173
-182
-154
-175
-174
-159
-181
-164
-172
-180
-207
-174
-220
-152
-203
-151
-184
-168
-150
-152
-209
-142
-217
-169
-166
-153
-199
-163
-158
-179
-139
-173
-172
-152
-136
-160
-169
-202
-167
-172
-150
-152
-216
-159
-124
-181
-217
-157
-162
-202
-217
-202
-158
-170
-146
-188
-156
-169
-209
-211
-207
-173
-175
-154
-166
-125
-197
-175
-144
-153
-194
-190
-208
-167
-179
-136
-180
-216
-182
-194
-188
-206
-178
-204
-132
-220
-196
-170
-216
-159
-210
-162
-169
-145
-171
-218
-130
-151
-131
-203
-237
-125
-184
-203
-199
-209
-139
-206
-199
-155
-125
-140
-209
-236
-149
-163
-210
-189
-214
-146
-232
-113
-228
-175
-161
-216
-196
-209
-161
-200
-129
-125
-181
-175
-136
-145
-201
-143
-142
-111
-105
-204
-171
-192
-168
-219
-130
-229
-170
-205
-210
-158
-218
-160
-204
-235
-174
-156
-167
-147
-150
-138
-215
-227
-185
-212
-169
-174
-227
-186
-215
-168
-174
-158
-138
-125
-92
-208
-182
-186
-131
-147
-141
-218
-158
-214
-187
-237
-190
-219
-112
-96
-220
-218
-236
-209
-196
-172
-146
-156
-170
-199
-183
-124
-124
-189
-221
-234
-175
-192
-168
-207
-137
-129
-214
-240
-238
-97
-193
-217
-230
-221
-234
-181
-131
-180
-188
-152
-200
-93
-209
-205
-94
-213
-183
-111
-95
-139
-132
-232
-115
-190
-95
-170
-93
-209
-184
-99
-186
-164
-219
-160
-109
-178
-104
-197
-214
-89
-169
-90
-90
-172
-101
-192
-221
-230
-127
-197
-162
-124
-211
-83
-168
-143
-120
-193
-168
-216
-230
-147
-80
-180
-209
-227
-62
-134
-175
-66
-78
-177
-222
-218
-108
-222
-157
-185
-234
-93
-223
-171
-170
-62
-127
-69
-118
-219
-212
-74
-184
-85
-225
-205
-116
-135
-203
-69
-217
-118
-147
-75
-125
-79
-169
-200
-71
-201
-61
-88
-32
-70
-65
-41
-150
-122
-129
-145
-229
-100
-207
-45
-172
-127
-172
-47
-202
-121
-168
-216
-209
-81
-228
-199
-238
-229
-211
-114
-93
-229
-226
-34
-39
-227
-185
-70
-178
-217
-105
-221
-240
-114
-138
-223
-53
-94
-12
-67
-204
-142
-190
-207
-90
-45
-26
-226
-20
-19
-66
-164
-82
-11
-134
-54
-13
-229
-48
-201
-28
-60
-216
-77
-142
-185
-160
-228
-6
-71
37
32
-71
-88
-226
-2
-143
-136
-144
-83
-158
-36
-219
-19
-97
-124
37
-139
-124
-164
-232
27
-187
19
65
-3
-214
27
-54
-7
12
-131
-20
-38
-220
44
-210
-240
-169
41
-91
-229
1
58
-116
-229
-238
-73
16
27
17
33
-154
-141
-160
-42
-170
-103
8
43
-173
-235
-184
-99
-214
-207
79
-24
-97
-151
20
94
-126
-8
-144
-231
-127
59
-163
39
-68
-214
-236
-192
-186
-165
-190
-211
-180
-188
-223
-226
-193
-200
-181
-186
-204
-161
-190
-202
-192
-188
-182
-212
-175
-202
-163
-171
-205
-181
-202
-188
-140
-196
-189
-224
-180
-190
-196
-206
-133
-145
-198
-217
-183
-226
-170
-181
-224
-230
-230
-136
-119
-225
-177
-187
-181
-122
-130
-113
-227
-155
-155
-138
-33
-122
-91
-116
-99
-126
-101
-150
-116
-111
-216
-130
-193
-62
-79
-140
-58
-175
-139
-63
-92
-53
-223
-194
-220
-68
-203
-165
-20
-144
-64
-13
-69
-223
-26
-20
-228
-195
-26
-113
-32
-146
-76
-225
-102
-219
-121
-12
-1
-48
-220
-190
-101
-9
60
-98
-86
-107
53
47
9
-200
-26
-208
-59
21
-87
-142
-41
-179
17
-163
-161
30
38
-196
-238
-230
-4
-170
31
81
-63
-151
-99
71
-60
44
-207
-228
55
-198
66
-128
64
67
13
7
-220
-88
-208
-31
94
80
88
-190
62
-149
-200
-232
-204
59
13
-24
-190
-221
-135
-47
-47
-60
102
20
31
-6
-194
-23
-216
15
-94
-226
-78
73
50
-159
20
121
111
92
93
-208
-215
62
-1
15
-138
-234
84
-185
-49
-7
-42
-203
-221
-143
8
-143
-8
-198
-209
106
142
-117
-227
1
121
-203
-130
-193
-238
94
-86
-210
-165
-146
-40
86
-176
-110
-195
9
121
-42
-215
77
-116
101
-202
35
-37
93
-147
-209
108
122
3
-184
-80
65
148
-70
-198
-193
-76
123
-15
124
-68
-193
-197
-42
125
-78
-118
1
28
-13
33
-15
-70
-111
-218
-50
-76
19
-209
-218
-9
32
-107
84
26
-218
-188
-176
-170
-209
122
-200
-42
9
126
-68
10
-56
37
154
140
-194
