-122
-124
-136
-116
-116
-116
-112
20
34
-14
20
40
6
-10
10
4
6
48
-40
10
10
36
56
-92
-120
-146
-144
-146
-150
-118
-108
-150
-150
-150
-142
-136
-68
-56
-42
-36
-54
-94
-82
-58
-80
-88
-80
-150
-124
-92
-68
-54
-42
-38
-40
-54
-22
-32
-20
-30
-36
-82
-86
-2
12
30
28
38
26
26
30
36
52
40
48
48
44
34
38
30
4
-26
-34
-26
-40
-66
-70
-150
-146
-148
-90
-66
-60
-104
-142
-132
-118
-100
-76
-86
-74
-68
-58
24
18
16
26
6
