-126
-118
-125
-127
-144
-133
-130
-115
-110
-128
-116
-142
-129
-129
-102
-111
-122
-117
-121
-116
-140
-131
-127
-140
-137
-136
-148
-95
-138
-124
-128
-127
-109
-94
-141
-131
-115
-134
-125
-138
-133
-115
-126
-125
-138
-115
-123
-135
-114
-126
-152
-152
-148
-118
-169
-162
-144
-129
-137
-144
-126
-123
-130
-132
-122
-141
-140
-140
-166
-132
-141
-142
-145
-134
-126
-130
-146
-158
-150
-181
-130
-159
-140
-116
-143
-154
-148
-170
-130
-116
-131
-145
-173
-140
-161
-135
-140
-132
-127
-146
-139
-158
-136
-156
-125
-175
-116
-148
-138
-114
-142
-136
-127
-162
-141
-145
-105
-136
-156
-112
-131
-142
-171
-177
-142
-129
-204
-166
-176
-154
-152
-146
-163
-130
-148
-153
-153
-175
-192
-137
-116
-190
-176
-199
-161
-84
-158
-166
-155
-139
-180
-180
-175
-145
-166
-156
-139
-143
-150
-129
-164
-160
-151
-158
-142
-152
-129
-160
-137
-124
-171
-144
-163
-172
-190
-160
-138
-159
-140
-178
-167
-172
-150
-158
-173
-169
-173
-161
-192
-142
-148
-155
-131
-173
-175
-177
-175
-152
-145
-206
-127
-161
-131
-152
-118
-155
-147
-151
-178
-172
-175
-158
-169
-189
-167
-164
-187
-140
-148
-212
-177
-155
-166
-156
-160
-216
-178
-168
-188
-197
-156
-199
-177
-208
-188
-169
-183
-204
-182
-195
-175
-181
-182
-207
-175
-179
-196
-186
-152
-168
-225
-191
-215
-159
-192
-204
-169
-164
-193
-190
-174
-169
-160
-171
-197
-163
-204
-190
-167
-182
-163
-182
-162
-228
-170
-208
-192
-182
-190
-184
-156
-163
-195
-194
-160
-169
-176
-181
-180
-191
-199
-175
-204
-222
-145
-161
-188
-153
-174
-187
-197
-212
-161
-188
-172
-194
-172
-179
-227
-157
-170
-111
-171
-173
-179
-152
-162
-170
-117
-118
-150
-213
-239
-162
-156
-179
-234
-146
-206
-180
-133
-106
-129
-236
-240
-219
-216
-218
-232
-214
-226
-140
-92
-166
-123
-134
-68
-135
-153
-100
-178
-142
-116
-221
-48
-211
-111
-106
-215
-192
-119
-30
-47
-87
-121
-74
-223
-240
-240
-240
-162
-29
-91
-150
-213
1
-43
-188
-72
-198
-163
-28
-178
-34
-202
-26
-170
-206
16
-135
-50
-133
-168
4
-31
-2
-158
-199
-84
-6
-79
-131
-48
-21
-70
-41
-94
-223
-70
-1
28
17
-48
-219
-235
7
-208
-131
-149
34
0
-5
6
-211
-67
-156
-165
-197
-133
-52
-116
-65
27
-207
-164
38
-212
-192
30
-208
-85
-219
36
-204
13
-119
44
64
-208
-146
-23
3
5
-64
18
72
93
90
6
-155
2
-209
-237
-210
-222
-240
-231
11
-198
65
-181
83
0
6
-144
78
-203
-105
-222
84
-172
-211
47
82
-181
72
-169
-151
91
-188
-57
97
-192
-235
73
121
113
-34
71
-208
